p min 57 48
c number of spaces nodes is: 57
c tw 57 0 1
n 1 1
n 57 -1
a 1 45 0 1 0
a 3 45 0 1 0
a 45 46 0 1 1
a 46 7 0 1 0
a 46 5 0 1 0
a 1 5 0 1 0
a 3 7 0 1 0
a 1 47 0 1 0
a 2 47 0 1 0
a 47 48 0 1 1
a 48 6 0 1 0
a 48 5 0 1 0
a 2 6 0 1 0
a 1 49 0 1 0
a 4 49 0 1 0
a 49 50 0 1 2
a 50 8 0 1 0
a 50 5 0 1 0
a 4 8 0 1 0
a 2 51 0 1 0
a 4 51 0 1 0
a 51 52 0 1 1
a 52 8 0 1 0
a 52 6 0 1 0
a 2 53 0 1 0
a 3 53 0 1 0
a 53 54 0 1 2
a 54 7 0 1 0
a 54 6 0 1 0
a 3 55 0 1 0
a 4 55 0 1 0
a 55 56 0 1 1
a 56 8 0 1 0
a 56 7 0 1 0
a 7 57 0 1 0
a 3 57 0 1 0
c Exceed 100 25
a 52 57 0 1 100
c Exceed 100 25
a 45 57 0 1 100
c Exceed 100 25
a 54 57 0 1 100
c Exceed 100 25
a 55 57 0 1 100
c Exceed 100 25
a 48 57 0 1 100
c Exceed 100 25
a 46 57 0 1 100
c Exceed 100 25
a 49 57 0 1 100
c Exceed 100 25
a 47 57 0 1 100
c Exceed 100 25
a 51 57 0 1 100
c Exceed 100 25
a 56 57 0 1 100
c Exceed 100 25
a 50 57 0 1 100
c Exceed 100 25
a 53 57 0 1 100
